valid cycle
10         
14         
20         
30         
35         
39         
43         
47         
51         
57         
61         
65         
69         
73         
77         
81         
85         
89         
94         
98         
102        
106        
110        
114        
118        
122        
126        
130        
134        
143        
153        
159        
163        
167        
171        
176        
180        
184        
191        
195        
201        
205        
209        
213        
220        
225        
229        
233        
237        
247        
255        
259        
263        
269        
274        
278        
282        
286        
290        
294        
298        
302        
308        
312        
316        
320        
329        
333        
337        
341        
349        
353        
357        
361        
365        
369        
373        
377        
381        
385        
390        
394        
398        
402        
406        
412        
416        
420        
424        
430        
434        
438        
442        
446        
450        
454        
458        
462        
466        
470        
474        
479        
483        
487        
491        
495        
499        
503        
507        
511        
515        
527        
536        
540        
544        
548        
554        
558        
562        
566        
570        
574        
578        
582        
586        
590        
594        
600        
604        
608        
612        
617        
621        
625        
630        
634        
638        
642        
646        
650        
654        
658        
662        
666        
676        
680        
684        
692        
696        
700        
707        
711        
715        
720        
732        
736        
747        
751        
755        
759        
763        
767        
773        
778        
783        
787        
791        
795        
799        
803        
807        
811        
817        
821        
825        
829        
835        
839        
843        
847        
852        
856        
860        
864        
868        
872        
876        
880        
884        
891        
895        
899        
903        
907        
911        
915        
921        
925        
930        
934        
938        
944        
948        
952        
960        
964        
968        
976        
980        
984        
988        
992        
996        
1000       
1004       
1008       
1012       
1017       
1021       
1025       
1029       
1037       
1041       
1045       
1049       
1053       
1057       
1061       
1065       
1069       
1073       
1077       
1081       
1086       
1090       
1098       
1103       
1107       
1111       
1115       
1119       
1124       
1128       
1132       
1136       
1140       
1144       
1148       
1152       
1156       
1160       
1164       
1168       
1172       
1176       
1180       
1184       
1191       
1195       
1199       
1203       
1207       
1212       
1216       
1220       
1224       
1228       
1232       
1236       
1242       
1246       
1250       
1254       
1258       
1262       
1266       
1270       
1274       
1278       
1282       
1286       
1290       
1294       
1298       
1302       
1312       
1320       
1324       
1328       
1332       
1336       
1340       
1344       
1348       
1352       
1356       
1360       
1364       
1368       
1372       
1376       
1380       
1384       
1388       
1392       
1396       
1400       
1404       
1409       
1413       
1417       
1421       
1426       
1433       
1437       
1441       
1445       
1449       
1453       
1457       
1461       
1467       
1478       
1482       
1488       
1492       
1496       
1503       
1507       
1511       
1515       
1523       
1528       
1532       
1536       
1543       
1549       
1553       
1562       
1566       
1570       
1574       
1579       
1583       
1587       
1591       
1595       
1599       
1603       
1613       
1617       
1624       
1631       
1635       
1646       
1650       
1654       
1658       
1663       
1667       
1671       
1682       
1686       
1691       
1695       
1700       
1706       
1710       
1714       
1720       
1725       
1732       
1741       
1745       
1749       
1753       
1757       
1761       
1765       
1769       
1774       
1778       
1783       
1787       
1791       
1795       
1799       
1803       
1807       
1811       
1815       
1823       
1827       
1831       
1838       
1842       
1846       
1850       
1854       
1858       
1862       
1870       
1874       
1878       
1883       
1887       
1892       
1896       
1900       
1904       
1908       
1917       
1930       
1934       
1938       
1942       
1946       
1950       
1954       
1958       
1962       
1966       
1970       
1974       
1978       
1982       
1986       
1992       
1998       
2004       
2008       
2012       
2016       
2021       
2025       
2029       
2033       
2040       
2044       
2048       
2056       
2064       
2068       
2072       
2076       
2080       
2088       
2093       
2097       
2101       
2105       
2109       
2113       
2117       
2121       
2125       
2129       
2133       
2137       
2141       
2145       
2149       
2153       
2157       
2161       
2165       
2172       
2176       
2180       
2184       
2188       
2192       
2196       
2200       
2204       
2208       
2212       
2216       
2220       
2224       
2228       
2233       
2237       
2241       
2245       
2253       
2257       
2261       
2265       
2269       
2273       
2277       
2281       
2285       
2289       
2293       
2297       
2302       
2312       
2316       
2320       
2324       
2330       
2334       
2338       
2342       
2346       
2354       
2358       
2362       
2366       
2371       
2375       
2379       
2383       
2387       
2391       
2395       
2399       
2403       
2407       
2411       
2415       
2419       
2423       
2427       
2431       
2435       
2439       
2449       
2453       
2460       
2464       
2468       
2472       
2476       
2480       
2484       
2490       
2494       
2498       
2502       
2506       
2511       
2515       
2522       
2526       
2530       
2534       
2538       
2545       
2549       
2553       
2557       
2563       
2573       
2579       
2583       
2587       
2591       
2595       
2599       
2604       
2608       
2612       
2616       
2620       
2624       
2629       
2633       
2637       
2645       
2649       
2653       
2657       
2661       
2665       
2669       
2673       
2677       
2681       
2685       
2689       
2693       
2697       
2702       
2707       
2711       
2715       
2721       
2725       
2729       
2733       
2737       
2744       
2748       
2752       
2756       
2760       
2764       
2768       
2774       
2778       
2790       
2794       
2798       
2803       
2809       
2813       
2819       
2828       
2832       
2843       
2847       
2851       
2855       
2859       
2863       
2867       
2875       
2880       
2884       
2889       
2895       
2899       
2903       
2907       
2911       
2915       
2919       
2923       
2927       
2933       
2937       
2941       
2945       
2949       
2953       
2957       
2961       
2965       
2969       
2973       
2977       
2981       
2985       
2989       
2993       
2997       
3001       
3005       
3009       
3013       
3017       
3021       
3026       
3030       
3034       
3039       
3043       
3047       
3051       
3055       
3059       
3064       
3069       
3074       
3078       
3082       
3086       
3090       
3094       
3099       
3104       
3108       
3112       
3116       
3120       
3140       
3144       
3148       
3152       
3157       
3161       
3166       
3170       
3174       
3178       
3182       
3186       
3192       
3196       
3200       
3204       
3208       
3212       
3216       
3220       
3224       
3228       
3232       
3236       
3240       
3244       
3248       
3252       
3256       
3260       
3264       
3270       
3274       
3278       
3282       
3286       
3290       
3294       
3298       
3302       
3306       
3313       
3319       
3323       
3327       
3332       
3336       
3340       
3344       
3348       
3353       
3357       
3361       
3366       
3370       
3374       
3379       
3383       
3387       
3391       
3395       
3399       
3403       
3407       
3412       
3416       
3420       
3425       
3429       
3438       
3442       
3446       
3450       
3454       
3458       
3462       
3466       
3470       
3474       
3482       
3486       
3490       
3494       
3498       
3502       
3506       
3510       
3514       
3518       
3522       
3526       
3548       
3552       
3556       
3560       
3565       
3569       
3578       
3582       
3586       
3599       
3603       
3608       
3612       
3616       
3620       
3624       
3628       
3633       
3637       
3641       
3646       
3650       
3654       
3658       
3662       
3673       
3677       
3681       
3685       
3689       
3694       
3698       
3702       
3706       
3710       
3717       
3721       
3725       
3729       
3733       
3737       
3741       
3745       
3749       
3756       
3760       
3764       
3768       
3772       
3776       
3780       
3784       
3791       
3797       
3801       
3805       
3809       
3813       
3817       
3821       
3825       
3829       
3833       
3837       
3841       
3850       
3854       
3858       
3862       
3869       
3875       
3882       
3886       
3890       
3894       
3901       
3905       
3909       
3913       
3917       
3924       
3932       
3936       
3940       
3944       
3948       
3953       
3957       
3961       
3965       
3969       
3973       
3977       
3981       
3985       
3989       
3993       
3997       
4001       
4005       
4009       
4013       
4022       
4026       
4030       
4034       
4038       
4042       
4053       
4057       
4062       
4066       
4070       
4074       
4078       
4082       
4087       
4092       
4096       
4100       
4104       
4108       
4112       
4116       
4120       
4124       
4128       
4132       
4136       
4140       
4144       
4149       
4153       
4157       
4165       
4169       
4175       
4179       
4183       
4187       
4191       
4195       
4199       
4204       
4214       
4218       
4222       
4226       
4230       
4234       
4238       
4242       
4247       
4251       
4255       
4259       
4263       
4267       
4271       
4275       
4280       
4284       
4288       
4292       
4296       
4300       
4304       
4308       
4315       
4319       
4327       
4331       
4335       
4339       
4343       
4347       
4351       
4355       
4359       
4363       
4368       
4372       
4376       
4380       
4384       
4388       
4392       
4396       
4400       
4404       
4408       
4412       
4417       
4421       
4425       
4429       
4433       
4437       
4441       
4445       
4449       
4453       
4457       
4461       
4465       
4469       
4473       
4479       
4483       
4487       
4491       
4495       
4499       
4503       
4507       
4514       
4518       
4525       
4530       
4541       
4547       
4551       
4555       
4559       
4563       
4567       
4572       
4576       
4583       
4587       
4591       
4595       
4599       
4603       
4607       
4611       
4615       
4619       
4623       
4634       
4639       
4643       
4647       
4658       
4662       
4666       
4670       
4674       
4678       
4682       
4686       
4690       
4695       
4702       
4706       
4710       
4715       
4721       
4725       
4730       
4734       
4738       
4742       
4746       
4750       
4756       
4762       
4766       
4770       
4774       
4778       
4788       
4792       
4796       
4800       
4804       
4808       
4812       
4816       
4820       
4824       
4828       
4832       
4836       
4840       
4846       
4850       
4854       
4858       
4862       
4866       
4870       
4874       
4878       
4882       
4886       
4890       
4894       
4898       
4906       
4910       
4914       
4918       
4922       
4926       
4930       
4936       
4940       
4946       
4950       
4954       
4958       
4962       
4966       
4971       
4975       
4979       
4983       
4987       
4991       
4995       
4999       
5003       
5007       
5011       
5015       
5019       
5023       
5031       
5035       
5039       
5043       
5047       
5051       
5056       
5065       
5069       
5073       
5077       
5082       
5086       
5090       
5094       
5098       
5102       
5106       
5110       
5114       
5119       
5125       
5129       
5133       
5137       
5141       
5145       
5149       
5153       
5157       
5164       
5168       
5172       
5176       
5180       
5187       
5191       
5199       
5205       
5209       
5213       
5217       
5221       
5225       
5229       
5233       
5237       
5242       
5248       
5252       
5256       
5260       
5264       
5268       
5272       
5280       
5286       
5290       
5294       
5299       
5303       
5311       
5317       
5321       
5325       
5330       
5334       
5338       
5347       
5351       
5356       
5360       
5368       
5372       
5376       
5380       
5385       
5392       
5396       
5400       
5404       
5414       
5418       
5422       
5426       
5430       
5434       
5438       
5442       
5446       
5450       
5454       
5458       
5462       
5466       
5470       
5474       
5481       
5485       
5489       
5493       
5499       
5503       
5507       
5511       
5515       
5519       
5526       
5532       
5536       
5540       
5544       
5550       
5554       
5558       
5562       
5566       
5570       
5574       
5583       
5590       
5594       
5598       
5602       
5606       
5610       
5614       
5618       
5622       
5626       
5630       
5635       
5639       
5643       
5647       
5651       
5655       
5659       
5663       
5667       
5671       
5675       
5679       
5683       
5687       
5691       
5695       
5699       
5703       
5707       
5711       
5715       
5719       
5723       
5727       
5735       
5739       
5743       
5754       
5758       
5762       
5766       
5771       
5775       
5779       
5788       
5792       
5796       
5800       
5807       
5812       
5816       
5820       
5824       
5828       
5832       
5839       
5843       
5847       
5851       
5855       
5859       
5863       
5867       
5871       
5875       
5887       
5891       
5895       
5899       
5904       
5908       
5912       
5918       
5922       
5926       
5930       
5934       
5938       
5947       
5955       
5959       
5963       
5967       
5971       
5975       
5987       
5991       
5995       
5999       
6003       
6009       
6014       
6019       
6023       
6027       
6031       
6035       
6039       
6043       
6047       
6051       
6061       
6065       
6069       
6073       
6077       
6081       
6085       
6089       
6095       
6099       
6103       
6108       
6112       
6116       
6120       
6125       
6129       
6133       
6139       
6148       
6153       
6157       
6161       
6165       
6169       
6173       
6177       
6181       
6188       
6192       
6205       
6209       
6213       
6217       
6221       
6225       
6234       
6238       
6242       
6246       
6250       
6254       
6258       
6262       
6269       
6279       
6283       
6287       
6291       
6295       
6302       
6306       
6310       
6314       
6318       
6322       
6326       
6330       
6334       
6338       
6342       
6346       
6355       
6360       
6365       
6369       
6373       
6377       
6382       
6386       
6390       
6394       
6398       
6402       
6406       
6410       
6414       
6418       
6422       
6426       
6430       
6435       
6439       
6444       
6448       
6452       
6456       
6460       
6464       
6468       
6472       
6476       
6480       
6484       
6488       
6492       
6497       
6501       
6505       
6509       
6513       
6517       
6521       
6527       
6531       
6535       
6539       
6543       
6547       
6551       
6556       
6561       
6565       
6569       
6573       
6577       
6581       
6585       
6589       
6593       
6597       
6602       
6608       
6615       
6620       
6625       
6629       
6633       
6637       
6641       
6645       
6652       
6656       
6660       
6664       
6668       
6672       
6676       
6686       
6695       
6699       
6706       
6710       
6714       
6718       
6722       
6726       
6730       
6746       
6750       
6754       
6758       
6762       
6766       
6770       
6774       
6778       
6784       
6789       
6793       
6797       
6807       
6811       
6818       
6822       
6829       
6833       
6837       
6841       
6845       
6849       
6853       
6857       
6861       
6877       
6881       
6885       
6891       
6895       
6899       
6903       
6907       
6911       
6915       
6919       
6925       
6930       
6934       
6938       
6942       
6946       
6950       
6954       
6958       
6962       
6966       
6970       
6974       
6985       
6989       
6993       
6997       
7001       
7005       
7009       
7013       
7017       
7023       
7027       
7031       
7035       
7039       
7044       
7053       
7057       
7065       
7069       
7073       
7077       
7085       
7089       
7093       
7097       
7101       
7105       
7111       
7115       
7126       
7130       
7138       
7142       
7146       
7150       
7154       
7158       
7162       
7167       
7171       
7175       
7185       
7189       
7193       
7198       
7202       
7206       
7210       
7214       
7218       
7222       
7226       
7230       
7234       
7238       
7242       
7246       
7250       
7254       
7258       
7262       
7271       
7280       
7286       
7291       
7298       
7302       
7306       
7310       
7314       
7318       
7322       
7326       
7330       
7334       
7338       
7343       
7347       
7351       
7355       
7359       
7365       
7369       
7373       
7377       
7381       
7385       
7389       
7393       
7397       
7401       
7405       
7409       
7413       
7417       
7424       
7432       
7436       
7440       
7444       
7448       
7452       
7456       
7460       
7468       
7472       
7478       
7482       
7486       
7490       
7494       
7498       
7502       
7506       
7510       
7514       
7518       
7522       
7526       
7530       
7534       
7538       
7542       
7546       
7551       
7555       
7559       
7563       
7567       
7572       
7576       
7584       
7588       
7592       
7596       
7600       
7604       
7608       
7612       
7621       
7625       
7630       
7634       
7638       
7642       
7646       
7650       
7654       
7658       
7662       
7666       
