valid cycle
7          
9          
15         
25         
30         
32         
34         
36         
38         
44         
46         
48         
52         
54         
56         
58         
60         
62         
67         
71         
73         
77         
79         
81         
85         
87         
89         
91         
93         
102        
112        
118        
120        
124        
128        
133        
137        
140        
147        
149        
155        
157        
159        
161        
168        
173        
177        
180        
182        
192        
200        
202        
204        
210        
215        
217        
220        
222        
224        
226        
229        
232        
238        
240        
242        
244        
253        
255        
257        
260        
268        
270        
274        
276        
278        
281        
283        
285        
287        
289        
294        
297        
299        
301        
303        
309        
311        
314        
316        
322        
324        
326        
329        
331        
333        
337        
339        
341        
343        
346        
350        
355        
358        
360        
362        
364        
366        
370        
374        
377        
379        
391        
400        
402        
404        
406        
412        
414        
416        
418        
421        
423        
425        
427        
429        
431        
433        
439        
442        
446        
450        
455        
458        
460        
465        
467        
470        
472        
474        
477        
479        
483        
486        
490        
500        
502        
506        
514        
518        
520        
527        
529        
531        
536        
548        
551        
562        
564        
567        
569        
571        
573        
579        
584        
589        
591        
594        
596        
598        
600        
602        
604        
610        
612        
616        
618        
624        
627        
629        
631        
636        
638        
641        
643        
647        
651        
653        
655        
657        
664        
666        
668        
670        
672        
674        
676        
682        
684        
689        
691        
693        
699        
702        
705        
713        
716        
720        
728        
730        
732        
734        
736        
738        
741        
743        
745        
747        
752        
754        
756        
759        
767        
770        
772        
774        
776        
778        
782        
784        
786        
788        
790        
793        
798        
800        
808        
813        
815        
817        
820        
823        
828        
832        
835        
837        
841        
843        
845        
847        
849        
851        
855        
858        
861        
863        
865        
867        
874        
876        
878        
880        
882        
887        
889        
891        
893        
895        
897        
901        
907        
910        
912        
914        
916        
918        
920        
922        
925        
928        
930        
932        
936        
938        
940        
942        
952        
960        
962        
966        
968        
970        
972        
975        
977        
979        
982        
985        
989        
991        
993        
995        
999        
1001       
1003       
1005       
1007       
1009       
1011       
1016       
1019       
1021       
1023       
1028       
1035       
1037       
1041       
1045       
1047       
1049       
1053       
1056       
1062       
1073       
1075       
1081       
1084       
1087       
1094       
1096       
1098       
1100       
1108       
1113       
1116       
1118       
1125       
1131       
1133       
1142       
1146       
1148       
1151       
1156       
1158       
1160       
1164       
1168       
1170       
1174       
1184       
1186       
1193       
1200       
1202       
1213       
1215       
1217       
1220       
1225       
1228       
1230       
1241       
1245       
1250       
1252       
1257       
1263       
1265       
1269       
1275       
1280       
1287       
1296       
1299       
1301       
1303       
1305       
1307       
1309       
1311       
1316       
1318       
1323       
1325       
1327       
1329       
1331       
1333       
1335       
1337       
1339       
1347       
1349       
1352       
1359       
1361       
1363       
1365       
1368       
1370       
1372       
1380       
1382       
1384       
1389       
1391       
1396       
1398       
1400       
1402       
1404       
1413       
1426       
1428       
1430       
1434       
1438       
1441       
1444       
1446       
1448       
1450       
1453       
1455       
1457       
1459       
1461       
1467       
1473       
1479       
1481       
1483       
1486       
1491       
1493       
1495       
1498       
1505       
1507       
1509       
1517       
1525       
1527       
1529       
1531       
1535       
1543       
1548       
1550       
1554       
1556       
1558       
1560       
1563       
1565       
1567       
1570       
1574       
1576       
1578       
1580       
1582       
1585       
1587       
1589       
1591       
1598       
1600       
1602       
1604       
1606       
1608       
1610       
1614       
1617       
1619       
1623       
1625       
1628       
1630       
1632       
1637       
1641       
1644       
1646       
1654       
1656       
1658       
1660       
1662       
1665       
1669       
1671       
1673       
1676       
1678       
1680       
1685       
1695       
1697       
1699       
1701       
1707       
1709       
1711       
1713       
1717       
1725       
1727       
1729       
1731       
1736       
1738       
1742       
1745       
1747       
1751       
1754       
1756       
1758       
1760       
1764       
1767       
1769       
1771       
1774       
1778       
1782       
1784       
1794       
1796       
1803       
1805       
1807       
1809       
1812       
1815       
1818       
1824       
1826       
1828       
1830       
1832       
1837       
1839       
1846       
1850       
1852       
1854       
1857       
1864       
1866       
1868       
1871       
1877       
1887       
1893       
1895       
1897       
1899       
1903       
1905       
1910       
1913       
1915       
1918       
1920       
1922       
1927       
1929       
1931       
1939       
1941       
1943       
1947       
1949       
1951       
1955       
1957       
1959       
1961       
1963       
1965       
1967       
1970       
1975       
1980       
1983       
1985       
1991       
1993       
1996       
1998       
2002       
2009       
2011       
2013       
2015       
2017       
2019       
2021       
2027       
2029       
2041       
2044       
2046       
2051       
2057       
2061       
2067       
2076       
2078       
2089       
2091       
2093       
2095       
2097       
2099       
2102       
2110       
2115       
2117       
2122       
2128       
2130       
2134       
2136       
2138       
2140       
2142       
2145       
2149       
2155       
2157       
2159       
2161       
2164       
2168       
2170       
2172       
2176       
2179       
2181       
2183       
2185       
2189       
2191       
2193       
2197       
2200       
2202       
2204       
2208       
2210       
2212       
2217       
2219       
2221       
2226       
2228       
2230       
2232       
2234       
2237       
2242       
2247       
2252       
2256       
2258       
2260       
2262       
2266       
2271       
2276       
2278       
2280       
2283       
2285       
2305       
2307       
2309       
2311       
2316       
2318       
2323       
2325       
2327       
2330       
2333       
2335       
2341       
2343       
2345       
2347       
2349       
2353       
2357       
2359       
2361       
2363       
2365       
2367       
2369       
2371       
2373       
2375       
2377       
2379       
2381       
2387       
2389       
2391       
2393       
2395       
2399       
2401       
2404       
2407       
2409       
2416       
2422       
2426       
2428       
2433       
2435       
2437       
2439       
2441       
2446       
2448       
2450       
2455       
2457       
2459       
2464       
2466       
2468       
2470       
2472       
2474       
2476       
2478       
2483       
2485       
2489       
2494       
2496       
2505       
2507       
2509       
2511       
2515       
2517       
2519       
2521       
2525       
2527       
2535       
2537       
2539       
2541       
2544       
2546       
2548       
2552       
2554       
2558       
2561       
2563       
2585       
2587       
2589       
2591       
2596       
2598       
2607       
2609       
2612       
2625       
2628       
2633       
2635       
2637       
2639       
2641       
2643       
2648       
2651       
2653       
2658       
2660       
2662       
2666       
2670       
2681       
2684       
2686       
2688       
2690       
2695       
2697       
2699       
2701       
2703       
2710       
2712       
2715       
2718       
2721       
2723       
2727       
2729       
2732       
2739       
2741       
2743       
2745       
2748       
2750       
2752       
2754       
2761       
2767       
2770       
2772       
2774       
2776       
2778       
2780       
2783       
2787       
2790       
2792       
2794       
2803       
2805       
2807       
2809       
2816       
2822       
2829       
2831       
2833       
2835       
2842       
2844       
2846       
2848       
2851       
2858       
2866       
2869       
2873       
2875       
2878       
2883       
2885       
2887       
2889       
2893       
2895       
2897       
2899       
2902       
2906       
2908       
2912       
2914       
2916       
2919       
2922       
2931       
2933       
2935       
2939       
2942       
2944       
2955       
2957       
2962       
2964       
2967       
2971       
2974       
2976       
2981       
2986       
2988       
2990       
2992       
2994       
2996       
2998       
3000       
3002       
3004       
3006       
3008       
3010       
3014       
3019       
3021       
3023       
3031       
3034       
3040       
3042       
3044       
3046       
3048       
3050       
3052       
3057       
3067       
3069       
3071       
3074       
3076       
3078       
3080       
3083       
3088       
3092       
3094       
3098       
3100       
3102       
3104       
3106       
3111       
3113       
3115       
3117       
3119       
3121       
3124       
3126       
3133       
3135       
3143       
3145       
3147       
3150       
3152       
3156       
3158       
3160       
3164       
3168       
3173       
3175       
3177       
3179       
3181       
3183       
3185       
3189       
3191       
3193       
3196       
3198       
3203       
3205       
3208       
3210       
3214       
3216       
3218       
3220       
3222       
3226       
3228       
3230       
3232       
3235       
3237       
3243       
3245       
3247       
3249       
3252       
3255       
3258       
3260       
3267       
3269       
3276       
3281       
3292       
3298       
3302       
3304       
3308       
3310       
3312       
3317       
3320       
3327       
3331       
3335       
3338       
3340       
3342       
3346       
3348       
3350       
3352       
3354       
3365       
3370       
3374       
3376       
3387       
3391       
3393       
3395       
3397       
3399       
3403       
3405       
3407       
3412       
3419       
3421       
3423       
3428       
3434       
3438       
3443       
3447       
3450       
3452       
3454       
3456       
3462       
3468       
3472       
3474       
3477       
3479       
3489       
3491       
3493       
3495       
3498       
3500       
3504       
3506       
3510       
3513       
3515       
3517       
3519       
3521       
3527       
3530       
3532       
3534       
3537       
3540       
3542       
3544       
3547       
3549       
3551       
3553       
3556       
3558       
3566       
3568       
3571       
3573       
3575       
3577       
3580       
3586       
3588       
3594       
3598       
3600       
3602       
3604       
3606       
3611       
3613       
3615       
3619       
3621       
3623       
3625       
3627       
3629       
3631       
3633       
3635       
3637       
3640       
3648       
3652       
3654       
3657       
3660       
3662       
3667       
3676       
3678       
3681       
3683       
3688       
3691       
3693       
3695       
3698       
3701       
3704       
3706       
3708       
3713       
3719       
3722       
3724       
3726       
3728       
3730       
3733       
3736       
3738       
3745       
3747       
3750       
3752       
3755       
3762       
3764       
3772       
3778       
3780       
3782       
3784       
3787       
3789       
3793       
3795       
3797       
3802       
3808       
3812       
3814       
3816       
3818       
3820       
3823       
3831       
3837       
3840       
3842       
3847       
3851       
3859       
3865       
3869       
3871       
3876       
3878       
3880       
3889       
3891       
3896       
3899       
3907       
3909       
3911       
3913       
3918       
3925       
3929       
3931       
3933       
3943       
3945       
3948       
3950       
3953       
3955       
3957       
3959       
3961       
3963       
3966       
3968       
3971       
3973       
3975       
3977       
3984       
3986       
3988       
3992       
3998       
4000       
4002       
4005       
4007       
4009       
4016       
4022       
4024       
4026       
4030       
4036       
4039       
4041       
4043       
4045       
4047       
4049       
4058       
4065       
4067       
4069       
4071       
4073       
4075       
4077       
4079       
4082       
4086       
4090       
4095       
4097       
4099       
4101       
4103       
4105       
4107       
4109       
4111       
4113       
4117       
4119       
4121       
4123       
4125       
4127       
4129       
4131       
4135       
4138       
4140       
4143       
4145       
4148       
4156       
4158       
4160       
4171       
4175       
4177       
4180       
4185       
4187       
4189       
4198       
4201       
4204       
4208       
4215       
4220       
4224       
4226       
4228       
4230       
4232       
4239       
4241       
4243       
4247       
4249       
4251       
4253       
4255       
4257       
4260       
4272       
4274       
4276       
4278       
4283       
4286       
4288       
4294       
4298       
4300       
4303       
4305       
4308       
4317       
4325       
4327       
4329       
4332       
4335       
4337       
4349       
4351       
4355       
4357       
4359       
4365       
4370       
4375       
4377       
4379       
4381       
4383       
4385       
4389       
4392       
4394       
4404       
4406       
4408       
4410       
4412       
4414       
4416       
4418       
4424       
4426       
4428       
4433       
4435       
4438       
4440       
4445       
4447       
4449       
4455       
4464       
4469       
4471       
4473       
4476       
4479       
4482       
4485       
4487       
4494       
4496       
4509       
4511       
4513       
4517       
4521       
4523       
4532       
4534       
4537       
4539       
4542       
4544       
4546       
4548       
4555       
4565       
4568       
4572       
4574       
4577       
4584       
4586       
4588       
4592       
4595       
4597       
4600       
4602       
4604       
4608       
4610       
4613       
4622       
4627       
4632       
4634       
4636       
4638       
4643       
4645       
4647       
4650       
4652       
4654       
4657       
4659       
4661       
4663       
4666       
4668       
4671       
4676       
4678       
4683       
4685       
4688       
4690       
4692       
4694       
4696       
4700       
4702       
4704       
4708       
4711       
4714       
4719       
4721       
4723       
4725       
4727       
4729       
4732       
4738       
4740       
4742       
4744       
4746       
4748       
4751       
4756       
4761       
4763       
4767       
4769       
4771       
4773       
4775       
4777       
4781       
4783       
4788       
4794       
4801       
4806       
4811       
4813       
4815       
4817       
4819       
4822       
4829       
4831       
4833       
4835       
4838       
4842       
4846       
4856       
4865       
4869       
4876       
4879       
4881       
4884       
4886       
4888       
4891       
4907       
4909       
4911       
4913       
4915       
4917       
4919       
4921       
4923       
4929       
4934       
4936       
4938       
4948       
4950       
4957       
4959       
4966       
4968       
4970       
4973       
4975       
4977       
4979       
4981       
4983       
4999       
5001       
5003       
5009       
5011       
5013       
5015       
5017       
5020       
5023       
5027       
5033       
5038       
5040       
5042       
5044       
5046       
5050       
5053       
5057       
5059       
5061       
5063       
5065       
5076       
5078       
5080       
5082       
5085       
5087       
5089       
5091       
5093       
5099       
5101       
5105       
5107       
5109       
5114       
5123       
5125       
5133       
5135       
5137       
5139       
5147       
5150       
5153       
5156       
5158       
5160       
5166       
5168       
5179       
5181       
5189       
5192       
5194       
5196       
5199       
5201       
5203       
5208       
5210       
5214       
5224       
5226       
5228       
5233       
5235       
5237       
5239       
5243       
5245       
5247       
5249       
5251       
5255       
5257       
5259       
5261       
5264       
5267       
5271       
5275       
5284       
5293       
5299       
5304       
5311       
5313       
5315       
5318       
5321       
5325       
5327       
5329       
5331       
5333       
5335       
5340       
5344       
5346       
5350       
5352       
5358       
5361       
5364       
5367       
5371       
5375       
5377       
5379       
5381       
5384       
5386       
5389       
5391       
5393       
5400       
5408       
5410       
5412       
5414       
5416       
5419       
5423       
5425       
5433       
5435       
5441       
5443       
5446       
5448       
5452       
5455       
5457       
5459       
5461       
5465       
5467       
5470       
5472       
5474       
5476       
5478       
5480       
5482       
5487       
5489       
5491       
5493       
5495       
5500       
5502       
5510       
5512       
5514       
5516       
5518       
5522       
5526       
5529       
5538       
5540       
5545       
5547       
5549       
5551       
5553       
5555       
5557       
5561       
5563       
5565       
